9371
6999
3665
4746
2550
1948
293
6563
3878
2425
5152
4976
7016
1990
3392
3811
1418
7617
8409
5805
2975
3054
4605
7580
4198
3258
7567
3526
7838
9276
1889
9538
1243
9972
3010
3463
71
4207
8332
260
8988
4713
4614
6397
3920
2787
3201
9791
5081
1137
1952
8746
2537
752
2961
5735
6379
6494
8081
9667
1713
5265
104
3284
4612
73
6008
743
8964
3068
143
4100
5684
754
9421
6409
5176
4933
9623
3461
1101
3687
1815
5801
8548
7711
495
7595
2488
8650
590
9173
3063
7758
8719
5604
2687
5123
5230
4561
6201
2038
7430
2895
9400
1612
1177
2838
3129
7526
5546
9854
9269
3476
1855
7094
7309
1037
7494
7477
2344
6818
2798
8243
5854
5113
4985
4047
502
1073
4449
5598
5267
6991
5190
3301
558
3902
3510
9417
5795
2796
8395
4471
7652
4571
1640
3651
3187
5510
5685
6733
8422
5560
2393
9586
9987
6544
8039
1193
1057
3700
3530
2409
5343
3266
4316
3957
4072
1299
2
7579
7492
7665
5459
3181
44
5348
7802
9606
3354
4878
3857
9983
8823
1638
3869
8908
2681
6319
4059
7139
5973
5835
5654
1654
5361
2484
8318
500
10000
8028
193
13
2988
2269
3742
3913
8768
3131
7633
7924
8271
677
9334
5509
1583
6099
3601
5059
6188
2511
2922
5053
1172
8273
2141
7841
314
326
1004
4550
9919
4545
5162
3335
441
2464
8277
4490
8920
5344
784
7640
3102
27
1271
2606
6327
6928
4232
1830
3419
3035
597
8283
1284
2232
9380
5472
3179
614
4307
4527
6701
3122
777
2894
374
7992
3237
8159
4277
6816
917
5007
4031
9068
734
8507
4360
6626
7044
3459
4690
7501
7499
5698
419
7049
1876
2978
1
1839
8603
7609
6041
1971
353
5703
2719
1508
5281
3191
2711
3848
8239
4774
1940
6566
7391
7419
3940
2931
2887
422
8121
6280
4139
8167
5899
2830
7403
1062
6185
2121
3407
2341
8923
5014
4637
7963
385
187
4526
1822
6746
1405
6302
8718
3103
9498
7522
3062
3546
4941
7426
2208
4145
9206
8177
9446
4799
5639
7741
3209
7766
3523
1765
5828
404
2201
4099
7330
7144
5643
812
7151
1706
537
9427
8530
4456
4729
5568
1384
2414
5075
1160
9810
337
1675
2985
5706
7242
4852
5867
689
8804
5498
8428
7925
3707
1406
4242
3107
2153
6438
2426
8806
4142
2044
1120
123
918
7371
617
5410
9729
7613
8057
5168
1326
2539
5782
1392
8862
5389
5634
650
161
1963
5599
8663
4982
3916
292
7065
9565
9716
6669
2854
2904
5657
6588
3686
3292
5289
1397
6395
6525
2436
2979
3339
9707
773
4249
2741
7469
6993
9161
3477
4611
5274
2143
4389
4180
1833
9535
3144
2823
9622
1072
9872
5890
4945
7776
6418
3207
9678
3692
2869
2703
5078
2839
9230
5768
9470
1597
9036
5340
9270
8992
810
8285
1489
9143
137
6436
7159
6556
1993
6521
7902
3896
3306
9602
1521
6351
4086
7453
3790
2702
1478
8004
8053
3767
3520
9693
8389
2542
1904
8098
3519
8695
1681
5630
9692
9093
5578
2011
8977
3847
6905
3771
4613
3015
1730
4238
5645
2529
7909
1647
9191
5874
1878
7714
3646
3655
4083
2765
7118
6501
1977
2418
9703
954
2468
2196
1719
1331
5175
7794
3573
128
9608
6608
6571
24
4176
850
7843
9164
8599
5130
7490
4379
2831
759
1386
7416
6652
9169
9490
5930
1305
9506
4964
530
9119
448
1285
1767
7509
6520
2989
8956
3379
2591
5990
6591
9562
7161
4650
5936
5311
3029
8197
7409
1728
745
3052
120
3839
2437
1576
3538
6900
9245
1996
7009
5042
9273
5729
9869
6033
2818
1147
4457
4397
9360
9077
9008
194
5933
2474
3866
1471
8617
316
2492
1897
7559
198
2162
2945
6282
5576
5744
7681
4021
7635
5284
3552
589
635
3509
9384
6139
6985
9463
6239
7812
6445
7258
5957
6306
3431
737
216
1099
1254
7519
3663
4938
9423
8515
1399
6964
5581
675
8529
498
4834
34
1282
9516
7527
8597
4202
1828
8932
7808
5773
6973
9941
5046
4641
8220
1558
1224
8667
2336
4960
6910
7789
3214
1609
5790
1930
5848
68
342
8453
8519
3960
7054
3569
147
2577
7000
726
9777
7836
9148
8610
7143
5997
7876
899
7661
2384
3180
356
7305
1306
4112
6844
4
6917
8014
8256
4978
9914
8088
2318
57
7037
2799
21
5233
3951
3362
4802
3398
7423
8881
3958
4854
7301
1063
5142
4787
7447
7611
8748
3595
4686
3842
2477
6322
1985
4043
2629
509
1222
4785
4522
2123
3622
4205
6533
4440
1694
3711
7655
1302
2404
7939
797
3702
7288
7414
4968
4524
7680
3498
6726
3482
6893
312
5852
7620
4701
1665
7528
7171
5379
6146
4731
1102
1562
3971
2047
1357
4659
160
9859
5178
317
7116
4528
1198
6370
7747
2176
9598
60
7110
1960
4727
1557
1231
5850
4700
7898
2274
2655
4413
2551
4685
3529
1786
8590
1081
8997
4065
1571
7077
6173
8274
3899
5253
6430
9683
3199
1327
992
2012
989
2200
9308
4327
7351
9950
8665
2943
6043
653
9928
5341
1997
3516
7086
121
9044
1759
2071
2451
3206
8640
976
8865
5554
5603
9186
1877
2559
9751
8299
3590
6539
5522
5537
6537
4540
1433
9009
8827
5911
4131
7314
2911
7857
3813
3393
710
2258
7096
3874
1417
5923
9638
4903
890
5589
4239
8126
2074
3897
1514
3479
3145
8833
2324
3318
3566
4411
2001
6297
6720
458
628
8404
7192
9769
692
2855
7932
1620
3254
185
7603
1635
6475
4789
1162
9353
5800
4412
6488
3384
4668
847
5484
1493
532
3116
399
667
5115
6363
6331
4990
1107
950
6541
5520
808
3517
8360
521
7115
8810
7220
9434
9832
7470
5572
9715
2297
8880
9363
2230
2929
7078
3856
8127
6211
63
5730
4549
9471
4351
4932
8842
2253
8965
3973
6573
8990
9485
5431
3324
8662
6015
6721
9254
7076
8330
